 -175 -136    5
 -124  -62   53
  -57   28   94
  -10   91   98
   60  159  120
  147  215  137
  219  229  110
  242  205   58
  250  202   32
  246  212   21
  198  187   19
  132  139   33
   39   50   12
  -71  -50  -13
 -126  -90   11
 -172 -127   11
 -206 -151    3
 -175 -109   40
 -156  -90   20
 -105  -42    7
  -36   22   22
   20   66   18
   97  127   48
  196  199  100
  269  235  101
  271  223   47
  276  240   30
  271  252    7
  250  251    8
  207  221   38
  110  126   28
  -16    2   -7
 -129 -103  -28
 -200 -175  -45
 -252 -228  -70
 -244 -215  -40
 -187 -159   -6
 -132  -96    6
  -39    1   53
   62   90   82
  146  144   80
  242  208  102
  302  245   97
  290  239   56
  245  223   43
  180  179   33
   77   90    1
  -18   -1   -4
  -99  -83   -3
 -184 -165  -34
 -210 -191  -24
 -198 -184   -5
 -193 -184  -24
 -164 -152  -23
 -113  -90   -3
  -62  -33   -3
   28   56   29
  133  154   76
  187  190   65
  205  193   44
  236  207   41
  213  170   -4
  144   98  -45
   83   44  -54
   -5  -32  -87
  -71  -73  -69
 -104  -73   -4
 -145  -89   19
 -159  -95   47
 -144  -84   70
 -116  -69   60
  -75  -39   68
  -26    0   94
   20   24   95
   81   68  113
  170  141  151
  242  198  150
  288  241  140
  310  271  148
  289  262  128
  209  194   88
  123  105   66
   36    5   28
  -84 -118  -40
 -150 -174  -52
 -177 -176  -45
 -201 -170  -54
 -170 -113   -9
 -139  -67   19
 -124  -58   11
  -87  -36   35
  -34   -5   53
    6   -5   20
   90   36   12
  194  108   10
  245  145  -18
  249  160   -4
  185  119   -2
   52   12  -43
  -51  -65  -41
 -119 -116  -27
 -189 -176  -57
 -235 -218  -80
 -267 -253 -113
 -284 -272 -146
 -257 -245 -118
 -196 -184  -64
 -150 -143  -56
  -87  -81  -29
  -15  -12    9
   36   22    8
  114   79   24
  201  139   40
  228  143    2
  206  116  -20
  149   70  -21
   51   -6  -48
  -47  -70  -55
 -124 -112  -51
 -200 -159  -80
 -250 -191  -89
 -255 -189  -55
 -257 -200  -53
 -213 -173  -38
  -96  -80   23
   11  -10   44
   99   53   52
  186  124   67
  247  176   59
  269  201   47
  272  213   71
  225  185   75
  146  128   61
  100  102   87
   76   88  107
   12   26   80
  -60  -35   54
 -121  -78   22
 -200 -142  -33
 -230 -157  -34
 -208 -135  -11
 -169 -113   -3
  -85  -45   44
    3   30   86
   70   79   86
  174  165  119
  278  245  142
  314  260  110
  318  256  103
  296  238  104
  208  163   57
  104   81   22
   -4   -3  -17
 -153 -128 -106
 -259 -196 -124
 -329 -221  -92
 -399 -258 -101
 -415 -258  -84
 -378 -230  -62
 -326 -216  -94
 -227 -167 -104
  -86  -82  -74
   38  -22  -81
  179   71  -52
  320  187   20
  369  230   27
  335  214   15
  259  174   22
  135   85   -6
   -3  -17  -40
 -109  -86  -45
 -203 -152  -81
 -256 -182  -99
 -247 -157  -68
 -219 -130  -53
 -173 -101  -47
 -104  -63  -27
  -25  -29  -29
   44   -1  -51
  116   40  -53
  189   86  -65
  231  105  -81
  258  119  -65
  240  101  -41
  152   35  -29
   61  -16   16
  -34  -67   40
 -123 -112   37
 -177 -123   55
 -198 -109   61
 -219 -114   23
 -221 -115    0
 -204 -119  -14
 -180 -135  -34
 -103  -99    5
  -23  -57   35
   42  -23   19
  108   13    9
  144   32  -19
  140   10  -77
  142    6  -80
  128    4  -54
   50  -49  -65
  -43  -96  -48
 -112 -107   -6
 -189 -126    1
 -233 -124   18
 -241 -105   35
 -259 -126   -9
 -232 -124  -32
 -161  -95  -23
  -68  -58  -38
   30  -18  -57
  126   33  -53
  201   79  -68
  236  100  -89
  263  118  -69
  265  112  -53
  215   59  -37
  133    0    3
   15  -76    8
 -141 -190  -34
 -250 -248  -41
 -305 -258  -47
 -330 -245  -53
 -296 -178   -8
 -222 -108   23
 -138  -57   38
  -49  -10   59
    7    2   31
   37   -9  -33
   96   13  -68
  180   61  -88
  248  107  -88
  296  153  -34
  280  156   18
  182   80   30
   79    8   55
   -6  -39   78
 -103 -108   47
 -169 -143   22
 -177 -126   12
 -186 -121  -33
 -159  -79  -39
  -91   -2  -21
  -52   18  -58
   32   70  -40
  127  119   -6
  168  105  -35
  217  112  -49
  259  130  -49
  237  103  -79
  173   60  -82
   86   13  -56
  -39  -71  -68
 -150 -151  -67
 -226 -196  -46
 -286 -230  -55
 -289 -222  -48
 -200 -125   20
 -126  -64   32
  -86  -50    0
  -31  -15    4
   12   -1  -24
   74   28  -39
  171  102   -8
  234  158   -8
  258  182  -19
  246  189    7
  172  139   25
   61   63   45
  -23   17   97
  -97  -35  102
 -172 -102   59
 -186 -115   54
 -187 -115   44
 -193 -122   18
 -182 -107   14
 -188 -119  -34
 -179 -129  -92
  -97  -76  -71
   -1  -20  -53
   98   34  -58
  216  119  -32
  267  154  -39
  263  147  -54
  220  132  -19
  131   86   12
   26   15   15
  -76  -54   13
 -173 -117   -1
 -239 -161  -32
 -243 -148  -21
 -216 -112   -8
 -191  -96  -31
 -142  -71  -32
  -67  -22  -12
    5   11  -11
   80   48   -4
  169  100    5
  240  139  -20
  283  167  -28
  280  176   -8
  202  130  -18
  114   75  -23
   34   24  -11
  -51  -32   -8
 -113  -67   14
 -119  -43   77
 -103    0  114
  -72   35  125
  -12   95  158
   10  109  143
   24  105  116
   58  122  120
   90  123   92
  125  121   54
  214  181   83
  305  237  104
  343  262  109
  341  273  146
  258  215  142
  139  139  139
   34   82  157
  -65   22  134
 -144  -27   90
 -143  -11   92
 -116    5   90
 -116  -10   65
  -78    7   80
  -30   27   85
   12   46   61
   77  103   71
  126  145   67
  146  147   22
  195  176   34
  219  188   50
  192  155   24
  167  139   38
  111   96   29
   43   38  -10
   -4   10   -8
  -47   -4   10
  -78  -20   16
  -74  -13   37
  -39   20   68
  -28   19   43
  -34   -6    9
   -2    5   19
   22    5    5
   49   13    0
   87   58   30
  113   84   15
  151  113    1
  196  146   12
  175  115  -22
  113   61  -42
   52   30   -9
  -47  -42  -26
 -132 -106  -55
 -140  -90  -30
 -128  -72  -37
 -100  -51  -42
  -40  -10  -18
   -7  -12  -41
   10  -24  -64
   60   10  -31
   73   17  -36
   54   -3  -62
   79  138  119
   93  133   78
  115  116   42
  131   90   31
  104   23  -12
   58  -51  -54
   12  -93  -63
  -49 -137 -100
  -99 -157 -132
 -110 -132 -114
 -115 -107  -94
 -112  -88  -84
  -82  -52  -41
  -76  -51  -28
  -78  -73  -43
  -59  -69  -27
  -27  -43  -12
    0  -14  -15
   75   74   38
  148  156   93
  159  168   93
  151  146   91
  114   88   49
   44   -8  -35
   -3  -77  -75
  -18  -94  -65
  -68 -133  -88
 -109 -138  -85
 -108  -91  -34
 -113  -50   -6
  -80   14   53
  -20   77  105
    7   83   80
   65  103   79
  137  135  100
  146  118   61
  143  106   41
  141  110   36
  111   86   10
   84   62   13
   77   49   44
   30    0   34
  -22  -48   26
  -44  -62   39
  -84 -103    5
  -97 -113   -1
  -85  -91   35
  -89  -83   32
  -45  -16   54
   45  109  113
  108  202  121
  153  262  124
  175  271  129
  154  204   71
  131  132   22
  131   98   22
  122   72   20
  100   41   19
   77   20   31
   45  -10   16
   -1  -48   -6
  -38  -74    1
  -76 -107  -12
 -117 -142  -40
  -88 -102    1
  -28  -28   56
   21   37   74
   99  137  129
  143  206  149
  142  223  116
  172  275  136
  182  294  145
  122  210   69
   94  132   29
   64   37  -19
  -18  -99 -119
  -76 -172 -146
 -123 -203 -138
 -180 -237 -149
 -185 -220  -99
 -162 -163  -20
 -138 -109    9
  -85  -34   42
  -19   50   75
   69  132   98
  142  181  116
  208  208  123
  245  203   72
  239  181   -2
  232  194  -29
  191  179  -47
  114  115  -42
   49   47    4
  -16  -35   28
 -100 -129   22
 -161 -195   31
 -233 -269    0
 -305 -339  -43
 -298 -312  -10
 -242 -225   20
 -164 -116   16
  -24   52   42
  107  181   31
  205  238    0
  297  271   24
  293  206    4
  215   90  -45
  123   -7  -72
    8 -108 -116
  -59 -160 -132
  -89 -176 -102
 -122 -198  -73
 -164 -231  -55
 -209 -263  -24
 -231 -264    2
 -228 -241   13
 -187 -179   44
 -124  -95   69
  -65  -21   58
   13   55   65
  100  129   79
  168  173   46
  254  243   38
  330  334   51
  339  363   26
  313  344   37
  247  267   54
  124  112   10
   10  -30  -19
  -68 -120  -34
 -153 -210  -85
 -211 -261 -101
 -201 -226  -52
 -151 -145  -11
  -80  -24   34
   36  135  104
  141  252  127
  205  298  137
  225  283  162
  168  188  130
   94   81   73
   68   34   40
   80   36   -9
